V1;V2
-9.18475520985881;-1.94687003038526
-2.3857026289826;3.76485906297267
-5.72885549081911;1.0742285887049
-7.11669125962137;-10.2665556351244
-3.93184246679075;1.94635897707986
-2.37815462497412;-3.94645642991582
-2.23691505860992;2.68766641417958
-2.14141428155146;-2.33818664918311
-3.17213315030854;-3.38883113768642
-6.34616283522517;-7.72038094549296
0.809701319040905;2.65693767262171
-2.6487698390097;-0.0665094053010134
-8.17783882206857;-2.69860200732532
-0.341825143897736;0.967428026178354
-4.33856171769487;-4.85680983183154
-4.07207318021359;-2.9744439832197
-0.229852769503252;1.56338211382048
-4.41412694959181;-1.41742315046774
-4.94435304110829;4.11071652776018
1.23597582851912;0.188049490028883
1.57677384005185;-0.572304624769909
3.55420904426546;-1.66148796936045
-4.72904972297625;-3.30205826511387
-4.20482440683227;5.12385805898747
-4.94528074824244;1.54239514300239
-7.09232235888828;-2.01683573427144
-3.50717665822898;-2.16971599429502
-3.06136021179644;1.87490263101901
-4.00374127339803;-0.5367698596378
-1.71380176165689;1.52236550181019
-6.05411852740854;0.756511800244178
-2.89968468815056;-4.00177437278225
-4.55077848348018;-0.337239418767338
-4.98621537857523;1.13159322294516
-2.98271631304468;-0.757756496670171
-2.7639371844217;0.354044420704896
-1.29505924940273;-0.912393466170513
3.74601729561262;1.41223050367253
0.997191477500925;3.34834673102351
-0.764591355604331;-0.88546483716675
2.14906252225877;1.92230019430854
0.0932493369807441;-2.25876453151783
-9.08001022545124;-2.01689844132424
-0.989583036749683;-0.984064147668937
0.2932884879763;0.136978564124418
-5.37620990896166;0.134758404495053
4.5779085952125;-1.48291550844957
-1.69851237499942;-2.35020386201236
2.13456708327069;-0.0957453636611063
1.56610099342777;1.20737085471878
3.53979091461338;1.28136810961439
3.15503794938087;1.6874737964866
3.44745514640779;0.497780719591483
-3.29964760932206;1.12994357371481
0.674026213557787;2.11454913653349
2.85564577280036;-0.15258887411273
-4.64465206824237;2.30830150825874
-2.17494915624842;-0.971261438323823
3.71818737989842;1.7860700970608
4.13232693170788;-2.40167926088745
2.38373822478341;-2.75523381441847
2.57661610141865;-3.13591265019049
-4.75492831819682;-3.00903287464904
2.31209784700078;-3.26511672072212
-1.69012079503699;-1.53932211591323
-1.81071216917807;-0.722104815063212
2.78347559157178;-2.30861737238785
3.51555502182805;0.657730735549496
-4.32619605261326;-9.19443555169985
3.25841241334104;0.937013647124313
-2.7022185052058;4.43324098489141
0.30758512798902;-7.38131739592987
-5.49886689210316;-0.937500513476442
0.361391206528658;-0.119633821195862
2.6276645707417;0.696696349268758
-1.42691206070285;1.96537209164395
0.833784239255603;-1.96387685972926
-6.22541879962457;-0.919260690174424
-11.6584564356669;-4.74444259307336
2.01980044696372;0.25467574616147
1.63694459868009;-1.71444058689114
-1.16643527099637;-2.51230528619353
-10.7597753512295;2.25599785781177
-5.03038487707952;-0.773728356977145
2.17255269220127;-0.496441168924993
-3.28534462777766;1.66677047973432
-0.60707378424359;-0.162071918748932
-3.58041323984936;2.20472191628393
0.933336866341694;-0.926885919031095
-1.25849730239046;-1.01468425507195
1.58686769588921;1.61823295401033
-0.252275591600366;0.5308844249153
2.84492834965247;2.89110373192078
1.9632226839333;0.964308498254822
-2.77342524715152;-0.557509976757402
-4.3923631381712;2.1216408918293
2.58980407323051;-0.213446119827897
3.90090576430246;-1.18902042116645
2.81575364676177;-0.367560566726065
-0.615739084340307;-0.638349988310942
0.432479684285133;1.39082052332905
4.55102441871547;-3.52568378781317
3.44515217048543;1.42337004012349
2.11410007882341;-1.84774778175587
2.68898618058833;-1.41881333377526
-3.21109134329921;-4.04319863407363
0.748612656128743;-1.79605817527329
3.15622888871311;1.03483887769901
-13.0446439471185;-0.980650357460503
2.22672053410662;-0.666823901641636
2.49063953537647;-2.59640170819764
0.1032595688787;-2.27813901467871
-3.58813693643751;-3.92288143308975
1.34776279369105;-3.55309874812487
2.50791097827441;-3.24846120008877
2.04423086478773;-0.304616836040481
2.09522559180054;-3.66387206236514
-3.10779316298329;-1.56800987280322
-4.95236800821933;-2.38274965020708
-0.850266118113319;2.30470746791182
2.96339173428856;-0.371179883083832
-3.33120209134563;1.32439202875192
-12.8832762090226;-2.31458587282308
0.770066100541667;0.0640528602278324
2.20057924602459;0.734958544153979
3.14064880573175;1.87575855687624
0.638318846674976;0.910564827738682
-1.91744627206071;3.53497196570453
-1.40762979755921;-1.30378221544663
-4.63960894980565;1.48071429690236
1.87581684253579;-1.42197945202097
-1.43081046442064;1.04868122016378
-1.35143790250474;1.15312684166762
0.708491433948866;1.56685365746348
-2.16950708077602;2.8237761008293
1.97510247335166;0.419018754586191
2.59850309522374;0.481911436232144
3.25514317662121;0.417953650542375
-3.7787015965151;-0.859625217951169
1.99028348249074;-1.32818650839165
5.01059989027526;-0.574194748206344
-1.34383800195941;1.27365027806206
2.45380971681075;-0.897665441404319
1.83566647652872;0.0909467419116118
4.34266862163311;0.892786708002078
0.732168684884162;-3.69892771633496
-2.39788795453259;-4.83373564195037
-0.392753082621841;-1.08211591509618
0.411965326736283;0.389288784006068
3.04724368723828;2.23581723879513
1.44129554346604;-0.305601552317851
-0.0831129719589827;-7.14407376819773
-7.08707083894947;-12.5621408689782
3.74011363726731;-0.250281305602154
0.968320794141074;-0.944113581922679
2.41659356053997;-0.00554753173969886
-4.09718263778704;0.378470805760575
0.750942255512739;3.0679491866145
3.65143365156371;0.67405564394034
4.67609710350235;1.10288682345118
0.597256244079998;-1.7840810718355
-3.38435289086579;2.90847795317834
-6.14447969556722;2.01587899377466
1.32386648409482;-1.46800233722892
-5.48932277230359;4.16216703724772
2.9947681268796;2.73645326145869
4.38287625203491;-0.00686623971187037
-1.2125676804145;2.03724639531205
-5.06520423570705;1.78358296926768
1.97596280066891;1.84115939446236
2.51266553809437;-0.1141518572833
0.946654935198594;1.68327244411939
-2.81688977741028;-1.26399095337095
3.48092345233081;-1.61826807724205
4.65463399073229;0.22271884592653
5.34691339480529;-1.02585521415958
-1.16986841802172;-7.00831999589846
-2.95370291994548;-0.70580082177658
4.9713278177431;3.38322798341581
4.06045288823965;1.24507064328407
-9.50430705587366;5.59855805182421
-8.99924713748582;-0.580520280633672
-0.758211338711442;1.60711848079825
2.65702171633843;-0.53946113196937
0.389676107163142;0.988372689153709
3.88564656782068;-0.815354284956531
-0.364555381535376;3.57131884182579
2.83339782675755;0.398379162345304
3.3073734807303;-0.155604279622488
3.35435292558682;1.10276210916036
-6.51738201116648;-8.00412682376566
1.71622507895784;0.542688019028237
5.56084294339882;0.477427492942478
-1.77809695135699;-2.77414621345201
-2.60918908182165;-1.56004903045831
2.81656023352004;0.969257722348158
-2.4962424475168;-2.27647978986243
-1.27590451382931;2.44111104389
-3.47014398195846;2.2758464051194
-1.25557034244255;-0.382057094404159
1.4721360446853;-0.116787495841631
-1.64801062031668;2.10044290230814
-9.02864522428145;0.65459684886892
-4.55058602879229;-3.08392562643534
0.780503206355236;-0.652275325225272
0.2228964813775;0.701204504187546
3.45185811483965;-1.30578976549534
-0.44615182983918;2.78525700821479
-0.314161796698395;-2.07573430055423
2.05738166356466;2.47061390801172
-4.80474157864454;3.0264400192114
2.99607429869278;0.39642921232885
-12.2742197400828;7.53677859864399
-3.3692320216393;-2.5855504161743
-2.50656080235086;-2.61234988502884
-1.31690973480081;-2.15258545283856
0.388414534910425;-2.27479631378569
2.75450931343359;-1.08587922622801
-4.93923500837908;2.84582043574719
-4.29429879957674;4.66217295839873
2.37141520658093;0.732757814346467
0.966340034241277;-0.438052741381416
2.97318270058868;-1.80938171055848
-1.80166174805433;-0.166314617902032
2.47618073435777;1.41732934645041
0.825313103908171;1.24914835418887
3.89127341793851;-0.538097275625493
0.38923560391805;0.613875324449988
1.45604019491849;0.201549414771662
-2.75314552332183;-3.46272676931332
-3.25439115233323;0.125090425646527
4.0156069297796;1.35305683360352
3.67318128085632;1.29049356203396
-3.31340866311316;3.93568926758585
4.03305869525949;-1.16152408919914
2.33218127655865;1.34779381571035
-8.39645911456703;4.15025299148758
-2.64524109976947;3.94769939217746
0.681169508559789;1.1349924569018
-3.34735047508532;2.15267589880054
2.22576208282019;1.21393155501216
4.47364831681071;1.73959869900164
-1.32145867450971;-4.78526605419108
1.84846340720183;1.58273550925702
-3.79222888017618;1.02533045921939
2.27931254447888;-2.07585944219488
3.22593163850385;1.17104308422936
-1.02499889667209;-2.35918610924335
2.58028545808477;-0.728572047480856
2.48369783323731;-0.460191482689708
-7.13756173714527;2.07301819513988
3.02981522277089;0.648897838165105
-7.07878206679353;-0.527758799577374
-1.31294375150416;1.77386501704316
-3.70838652556458;2.80500899838683
-0.460074273986347;-0.393819768640365
-6.38703000743057;1.82149144286766
-5.25092468958865;-3.89110722565517
-8.72618338146724;-3.27699396571432
-3.68807276498125;-1.06470923553846
-3.37528098124471;3.36826417464156
0.839471007844629;3.49700803375799
-3.28148525887001;0.989802279279139
1.90709088919388;3.11920123720333
-1.61336233657571;2.4723978983559
-6.61390680606639;5.99799881089168
1.46338830601563;-1.68514906062575
2.01038350296496;1.10251645988424
2.28233204047185;-0.00948529313846465
0.739092761927468;-3.14974915784965
4.50260069671952;3.16648641363135
3.15597737401226;-0.409941090024139
-7.66940120709342;3.07260273749131
3.63593672613034;-1.58818962458233
-0.337048925120441;3.14160917275422
1.27546110783206;-0.8483065631109
4.34219338179593;0.321694999114327
-0.0174154677116952;3.45630210969956
3.48935577204523;2.6317667234807
1.86490793129785;0.901271186048181
-4.95590744171664;1.33994403788978
2.46855062090442;0.137904922543528
-3.78173257691501;1.90023540942671
-2.63493731020669;-0.576647606736109
1.37147826736859;-0.005800357721777
4.13524399446936;1.37529812292973
0.686336387721181;-1.69351950598134
4.30833869886047;1.976746804261
-0.402954863574871;-3.72016065443306
3.0009652622437;-0.353848877747174
-3.13125303285872;-4.26970267018941
0.417469537697105;0.807865734368924
1.41897458702971;-1.39275263765569
2.86806475314645;0.268408338101309
3.36288671826506;0.806890636653994
3.31208586842234;1.44090838197012
4.7655170071008;0.542484530441683
2.3837852786671;0.823391073560493
2.78464581466349;2.53080715942853
3.3908581737798;-0.753301131413333
-6.58444232820841;1.48355707607959
1.45405110620502;-0.591422478305093
-7.17661843440228;-0.0550975801250953
3.57568917391277;-0.890799182251594
3.05434514013038;0.179055836005002
3.07173303030737;0.305789373049762
3.85015200536285;1.52338600349318
5.38551770591854;-0.555766488696101
4.65358766791472;3.06269258704789
4.02400169081873;2.54067152033646
3.34487880087286;0.0685027725996502
3.29694105089746;3.13595008871376
2.13452598450031;0.00438898679279264
4.03446723587125;0.24048645164104
3.76210429806645;-4.39433394265752
4.86695697440387;2.33715833446314
4.74307511025878;1.79682096251084
-1.89365006388572;2.39013493626688
-1.57154834373455;-6.50337702057704
4.02308036603869;1.40097375294621
1.29372782598915;-3.4677573783806
-1.83322742027137;4.31772382266511
1.80878901523521;-0.395858988064367
-7.23012356783096;0.0356704109207653
3.14288478122743;0.741873771312786
2.88472980011525;0.464323069188245
3.14688505670652;1.769691254797
4.62431057722353;1.83400463114858
-2.24853190305863;0.348229535115303
-2.10594821545164;-1.12098759253078
-1.78437991409896;0.268984957266113
0.527232708197745;-1.26475876886704
3.21067592414775;-1.1024730816944
4.38256676975808;0.76043462730216
3.80666840292403;0.909118626348173
-3.31675557625559;1.57566642203028
2.39117198505367;-0.989160420788163
-4.67605182972583;0.967741443484317
3.06499826523458;-1.13483902970238
-7.3467542058003;5.23801424221347
-0.295053567212343;-0.226735532794967
1.93726490804848;-2.5427507598421
2.0753528297185;-1.80493133952913
-4.97078858846321;1.33140068736273
2.17500310613333;-0.958068260315174
2.42941382694306;-3.44417335730376
3.36500492926942;0.562434015080891
1.20553704499733;1.31588649679359
3.32315522243062;-0.474753848201103
1.92709975759782;-1.46018498870808
4.03828182765014;1.35572456199598
-6.17684876592379;-5.10351489436177
-10.9246855867592;3.69999847187117
-2.11663451668234;-0.296368296747591
3.00954688615633;-0.243545681202489
0.981784714217921;-0.79655151252027
-0.357579230490338;-2.12596800426503
3.1911100250812;1.84752644476186
2.99060188684463;-1.62995801467266
3.19110631331007;-0.57883013259366
4.58792496318359;2.75869973228919
2.48373073319471;1.18789418278538
2.39655662901586;0.250524355301659
0.778929823615651;2.12247587239548
3.13722799583394;1.48671401038549
-2.73260736525759;3.94169995006551
-6.22155167906968;1.38888761636393
2.22182077751297;0.356846723292329
-5.30247440349758;6.71750428790216
-7.24162919097723;3.65225552970617
-4.20352196275132;-1.17520882195272
2.49743889116068;2.01676108965789
-3.63181932852983;1.95472096199876
-3.51615442977812;3.85521493741086
2.6126494511411;1.10150525087777
0.0960236259083592;0.129733431109725
-2.04305925779346;-6.42116988659125
3.06405348349555;2.18017737354307
1.60217669678983;-0.292338994933285
-3.76262144387899;-5.9800335493096
0.924752918124626;-2.30045727045523
3.2854587367562;-0.201134359385236
1.55348524639939;-0.978996315820739
0.398429341761827;-2.15931272427585
2.29854534373712;0.931258175015985
0.542424088151985;1.31591004804448
2.05700950430996;-0.320153444531262
3.42150748932567;2.44336850513839
0.471991249309714;-3.69957420331257
-4.69936578520137;0.195783486015621
3.64017726635668;-0.786168171276928
3.59152917652294;-2.60279702969227
-4.14544978364054;-0.766814128752904
-7.66539681149593;0.85972768093145
2.00861204689836;-0.429311811384675
2.9182657286308;1.69897755384273
0.500297591125866;-0.106637634807329
1.90981813629054;0.650821225786238
3.78177166739168;0.325859645359532
2.7060129620669;0.219472628877689
-6.28414408519629;-2.03475702545005
3.4277546285097;0.991737410462165
1.99962900366109;0.29306859391553
2.47111877026749;0.334752479599654
3.64405136533803;1.2402738149716
2.34412426869675;-0.682141104626029
1.14199209389057;1.96044650776716
1.34966973624235;-0.36924900183406
-2.7609414488655;1.07768525960958
1.96759233120307;0.175693916305954
2.92861018720085;0.494421190610822
2.9238017488302;-0.377000536391698
3.99267514417972;-0.959012260083732
-0.155001674334901;0.437623165978834
0.933269631480323;2.10409421006753
1.92792535917541;-0.891682103823247
2.62003324864143;-2.49990196777106
-5.99833868565727;0.0909491964480558
2.91930912029398;0.00920458204062615
3.33900682992733;0.0222051922325012
2.01314367919396;-0.77776777766609
-1.9867140066591;-2.31401196741919
1.66813614664159;-0.861560769985227
0.370851803025999;-0.113512779414701
1.847334470244;-2.53899560070119
4.69890765871677;0.431922384569998
1.28205907395209;-2.54866675218414
2.31221231621346;-0.401678042961595
4.65498927656304;0.781611021158214
3.94000659127857;2.0282316570124
-4.94550693678673;-3.00342143495141
0.914998417180681;-2.47683377605611
-4.54511192726447;0.815283142327676
-4.43843746105249;0.991566423972318
2.19305464411923;1.80376611371393
-0.663856790697296;-0.436476802081109
2.23890605233605;0.45418987224082
2.12331214606499;1.19374654069026
2.61301823063607;1.83044982970157
3.20814514612691;2.23317774316741
0.306480727975545;-2.1830779549001
-2.47018341576735;1.49850622416465
3.4516812564734;2.13458333985393
3.897097812804;-0.7301335297262
-0.980864484548876;2.20848671161647
1.25614629470294;-1.06675288485879
-3.24256053745162;1.77679523977116
1.55585042817346;1.0370146428298
1.24815984760977;1.58744200772355
-4.32784529690352;4.04577256496771
1.0765041197499;-1.8020325644596
-2.50954496723854;2.52658445541996
2.21514321293443;-0.0298650100340048
1.17279870754915;0.474422063620787
2.83380799203226;1.01723075049706
1.8554532955712;1.57001167434716
1.32744636009674;-0.776412499410906
2.80030738148075;1.66483675341347
3.17177796651284;2.07390879827461
4.08348432519428;0.484283960527242
-3.47243836842103;1.6714137233457
-16.3048866495942;7.76901688837348
2.55786436701658;2.49185287970223
2.96627878328429;0.0687866107229486
2.75500633586933;1.79234169637653
-1.36913518081179;-2.10815639373095
0.417297314906033;-0.11641726210994
3.83502420595711;-0.89838816167402
-5.92575082353461;-1.2272168607935
-0.644911193620931;-3.42299954219776
2.68148697511574;-1.44228646891377
2.03986918226221;0.902461858144528
1.39806619923676;1.77066824398181
3.53330635829337;1.24575801773039
1.9887795302556;-1.89779269317919
1.99642872031303;0.206189711315662
0.520200390811162;0.972512102546144
3.16958159057663;2.08721576818808
2.20077374016456;-1.28490873443462
-3.82107090335242;-2.30320973460837
2.98286008789348;0.672747297525
2.47887395950903;2.36188055462052
1.2709931213159;-0.509385642625891
2.23319191460983;1.29756277524824
0.056133712562133;0.227183495429042
-2.3153533394198;-4.38527575454117
2.28232305715746;2.46467210477965
-4.75043498865581;1.48811417677557
1.72479328142305;-0.997300316254733
0.741129651097931;2.44987933055655
2.89176621158737;0.977084587771843
1.65306732093993;4.55165914222277
-3.10079133442998;1.23506648302865
4.06069761193391;0.560461075060929
2.79087498168503;1.0769405389695
1.47362330444594;1.58969543698204
0.229192971389318;-1.51457075540593
2.55101378440369;0.763228924181824
-3.71243854889488;1.05775550617413
-5.09036286109017;2.01743270594144
0.600088099288153;0.837717559870352
-2.78794673020846;-3.38258445408619
1.40753273397117;-1.50444683752393
-7.25279714387526;5.490904302337
-1.29772468786313;-7.72305732524068
-1.07574673191149;-8.28748333708092
1.24866183398845;-1.59428105524688
1.25582341340048;-4.11356717604445
1.16550968881612;1.66422938928827
-4.09054331034048;-2.80046313726383
1.8859797779694;-1.67072167977326
2.76500279186777;2.15914897153868
-2.22503669147438;-1.93992782703034
1.13058209768174;1.40976152389205
0.733127377433128;1.94198843831631
2.33161915774509;-0.789451972774949
-2.69485256822307;1.94200118944127
-3.37604410480294;2.33137757845994
0.199694869707441;-1.07541375239195
1.17499204410077;-1.0104810609186
1.2915001552911;-4.95986054770475
-8.62316837995108;3.45641063807934
4.42556234273412;0.785345014877507
0.619293827162379;-0.6357898420662
3.24945658936168;-1.2847946773826
3.34997942478788;-2.67095044289388
0.859047115099568;-0.0967633810265156
3.15384691586627;0.870776432174825
-0.346223473049997;-1.53987035222064
2.45924277652739;-0.600319751128299
1.52875557783593;-0.404861553804437
1.77202587009671;-0.803503014435015
2.67808519131348;1.48340366168231
-4.02489377884146;2.93884422489782
2.13447311726564;-1.51724562281505
-5.16086992681353;2.38010898651417
-0.535460800369879;-0.380380450938092
-0.342821735954522;-3.53137381530288
4.19339024498536;-2.36531105863515
1.14182717704891;-5.59453586845614
1.66401099895321;-2.38751736121001
-1.0108230779795;-1.09142930681463
1.29978603727524;1.8198140572884
2.37134219385904;1.68009792912297
1.66440650952394;0.213774640943969
1.92598352989627;1.13673970493548
4.23349159162263;-0.184110499136665
2.67551654832495;-2.31375696076008
3.83312510577968;-0.495813664793164
2.54919727108062;-0.228129227764964
4.69079603913236;0.766803238049619
2.02325691133098;-1.26013311593446
2.89340231649433;1.45035960084482
3.49912218189103;-1.79924934247311
2.15201012534432;0.829339087502565
2.05327740032951;-1.61503820462895
3.87388097251528;-1.08330155332936
4.06028948800257;-0.12206103437384
0.0985805921594095;0.213372093381578
1.08841849653111;-1.29171132846062
0.481347429851439;0.177863190259189
4.86602792647428;2.12923260724971
-5.91241029135543;-3.47957499986793
-8.73365338296719;0.573350184684968
-6.43365454617062;3.57367298851069
-3.79004752774413;3.58089705202408
-1.2550749425072;1.90062436399344
-10.3656733599323;-1.67054020605884
5.47042990090839;0.670047219838323
