V1;V2
0.0753631507372485;0.00930773839432292
-0.122125433350909;-0.03049347624978
-0.0199133235854235;-0.0235869194449682
0.0428655481367032;0.0729821028721748
0.150303256474151;-0.0448478594245023
0.0181831590747373;0.0517653702815339
-0.0766496948930324;-0.027472029565297
0.0757696368856944;0.126680130448875
-0.0684270128195928;0.000678177218060858
0.246434159800393;0.040019660369914
0.184056469340075;0.0842109064019091
0.123440292798698;0.000201548679390354
0.127331886669437;0.0283527378491682
0.0987284321443069;0.108917462169776
-0.0666861290153507;-0.036569574279735
0.152434515289646;0.106306627656549
-0.0935488962135206;0.00761361618361749
-0.0632300999309177;0.00240943363543755
0.0467970268958577;-0.0747088889877032
-0.0848653037842898;-0.0868060714081017
0.0177939629271816;-0.141834174140554
0.0627907151192385;0.0634491898487018
0.151617809924381;-0.111980021282292
-0.246888476885568;0.0916715037952785
-0.0502519640735932;0.0691052447977713
0.12994665072825;-0.0426776981069783
0.0520273409226156;-0.220234631462157
-0.103924842558133;-0.0746747019402919
0.0961934378623256;-0.17173646393339
-0.120398892388307;-0.00450733998814155
0.0693110229358717;-0.0409315094160199
-0.0718785229265207;-0.0582238364295355
-0.087035465101787;-0.0664494656621976
0.107858199133116;-0.0431057967565072
0.000488275458247459;-0.224120920446191
0.00173190060937308;0.0214514859310231
0.0259891381810239;0.0075865023184289
0.155083662872956;-0.116311895394129
-0.0376665609549161;-0.0422065709322592
-0.213974564272435;0.102058649344969
-0.431702457168633;-0.452704335384095
-0.437330022911543;-0.465263214069582
-0.481919110091458;-0.558371491847526
-0.442537742050774;-0.419352500257249
-0.520480432653066;-0.493829534388146
-0.483235628314515;-0.482577153584334
-0.398748463189802;-0.6190255885046
-0.577692843067245;-0.308445991811806
-0.345524116992234;-0.407247458745491
-0.5486379090959;-0.470002163761562
-0.23943652449321;-0.301159866246606
-0.274425110464381;-0.712172179352919
-0.506181259595178;-0.522851067221428
-0.543854948492418;-0.552727029058211
-0.532617107007488;-0.451382119319702
-0.469792849033026;-0.554909371967341
-0.489277932251751;-0.576127283421686
-0.487594812768662;-0.358707048600669
-0.39620580629379;-0.372154150382502
-0.319554681299636;-0.331892418337015
-0.570319481588022;-0.354790305637618
-0.286618566753542;-0.419387866168364
-0.526139238283947;-0.368659808227744
-0.447744282326308;-0.378639092288156
-0.309134724043667;-0.443636851694106
-0.257979156885654;-0.658470418707824
-0.4027217916102;-0.286830239209664
-0.60969082928728;-0.537986396895446
-0.244111619068414;-0.693988485606515
-0.520925428348949;-0.441423268896823
-0.475042221356219;-0.32536051836049
-0.374975123816034;-0.408973213798916
-0.483248595815183;-0.425406789308683
-0.324310920992652;-0.36697315215383
-0.49709589647229;-0.47910913938563
-0.498853677322856;-0.367366670801379
-0.403558341181032;-0.417628906453947
-0.502292219929117;-0.483439048724627
-0.388368390822249;-0.554927840832036
-0.367581525176679;-0.544537944600368
0.0243989524527173;-0.619554676478093
0.121394894555802;-0.529490047317719
0.105813586799352;-0.576262263315777
0.0347821684567952;-0.569316411054169
0.0949967707817976;-0.624334886399708
0.174681524052029;-0.592302909609846
0.162556834811861;-0.602694770614352
-0.113345960007646;-0.547627372425105
0.0802472971413913;-0.519519211780518
-0.0258699634273416;-0.494807940557835
0.062112919192939;-0.767253330952045
0.11189282846576;-0.645561049899979
0.169934125836741;-0.66636343725097
0.169063978650544;-0.649038887962883
0.0880959118180531;-0.751667307740842
-0.0167716328037856;-0.508236376997691
0.211049697454049;-0.535140797380122
0.120549503507243;-0.621308920737694
0.114943157310879;-0.72741930460152
0.130493028702075;-0.542052266117033
0.287751120632609;-0.716630781312921
0.0975704710884975;-0.514325835482957
-0.0630809736732442;-0.655049755534558
0.195496682426327;-0.706648353615965
0.0456257053848156;-0.639049387083704
0.10366523446025;-0.652055815669833
0.00882137776464128;-0.682785027646414
0.0343236158283976;-0.457141128365575
0.115347678686497;-0.601384736141566
0.121450890581411;-0.776362074871669
0.101901559291199;-0.514326817869376
0.121485667060473;-0.929682597247282
-0.07049048697251;-0.449321395849352
-0.0292914125099953;-0.68624125320808
0.106696112054368;-0.648158523957896
0.0660094249957481;-0.760757582795772
0.0105414349769031;-0.62821370924695
0.0919733593244276;-0.661148448452171
0.208449472714166;-0.528210466823948
0.0556083295589325;-0.732170042930539
0.489098093930699;-0.502287596247751
0.587362810277114;-0.277526418699306
0.513274186384537;-0.158404694317251
0.533277944280207;-0.514424663556796
0.423210736087734;-0.260597942263459
0.421939800594293;-0.385766096605588
0.441784411890866;-0.040149777007589
0.172044558060255;-0.423389880272659
0.557934201863556;-0.378000984774312
0.416712630204061;-0.254099836379778
0.515023911666508;-0.234632239639355
0.380816566362954;-0.48320624849537
0.723793955196378;-0.285786431456664
0.582612857857148;-0.340326117013407
0.528043897185076;-0.352440785912079
0.483430839776656;-0.339870511544122
0.577407103490744;-0.303077579606476
0.450511425799603;-0.326003563158688
0.403319559675129;-0.400920681053437
0.461361839432524;-0.426054156607128
0.619863163559618;-0.353327830144721
0.528498323790534;-0.446425498149331
0.627650084369469;-0.313483586975428
0.391130818840756;-0.128925591241844
0.587795820858742;-0.277093408117678
0.390309201543419;-0.325556799167181
0.478631768035981;-0.186115799723178
0.487334811716213;-0.366291033728375
0.575650305026593;-0.195666199224925
0.738522209290237;-0.297050600897513
0.465276028190788;-0.49751799609947
0.405916247823921;-0.392259094079886
0.467819667473215;-0.254977646180073
0.40112503517456;-0.27315308788055
0.547524264949013;-0.31043365108477
0.447066006488444;-0.411758323663029
0.345699877203373;-0.329444659969488
0.59513420938162;-0.169250981927339
0.615062716477964;-0.193509594839995
0.288549553610571;-0.417785891803843
0.646573464386307;0.274673868451106
0.517073435932343;0.276868785906411
0.52487607492482;0.247415617832489
0.552163404181458;0.240912796493992
0.587674987329797;0.255630440814532
0.686439123579439;0.188043066442025
0.634464296851482;0.195850813843925
0.569088540503281;0.0914864221937736
0.4564568664364;0.194591863464972
0.442580487141433;0.269089724187971
0.570784431009754;0.252602510379679
0.6426757797198;0.273375426138073
0.748380856298885;0.156412074436504
0.666062280673405;0.279433644735187
0.398819304531906;0.344893689838078
0.565584570961836;0.263864518570405
0.447750875596925;0.387760362078271
0.562988668722175;0.251738061034695
0.598937584952364;0.247831927844979
0.606307409840497;0.217079531548889
0.611941852288306;0.199320792815469
0.543545042210129;0.047748227426372
0.53354571746697;0.214497382719122
0.550810341183792;0.477823615897657
0.696857705494427;0.0823621565687156
0.5413740949835;0.0715697037344368
0.682536723458144;0.207533847501957
0.560378423640867;0.302845491258417
0.626275015916125;0.0204436081687368
0.630569166389653;0.18329154220387
0.744911859713784;0.174603430796984
0.708935436663997;0.299780033662325
0.600229739992352;0.279448577008769
0.665641451683313;0.225295140440068
0.70550121655796;0.164650867647193
0.642270275957769;0.15167194588082
0.52056090138203;0.177252971335154
0.598524615053586;0.159044717928253
0.533980496344145;0.207134434535889
0.456863549062129;0.311098037878984
0.350703456445737;0.524644754739425
0.202970025492771;0.715679243855452
0.185237614715259;0.605240522470901
0.249342042615455;0.586169195060003
0.055299467270313;0.629524087998622
-0.0508073800024294;0.608325824272674
0.085588595483208;0.755118769172009
0.428614710682775;0.737716611356751
0.10985428157802;0.704006427016187
0.400053695250739;0.63117832532068
0.190861447389795;0.634257536326651
0.133705229478508;0.5719028337085
0.287892951881074;0.567536772549252
0.164458215206436;0.561934355898707
0.2462864088837;0.691415326056128
0.213350097860324;0.779776991528018
0.192608421989806;0.57015703797211
0.119409593011711;0.585332449012059
0.121573860010723;0.59096237248236
0.25973685077922;0.585300619692055
0.399629722624121;0.590899303274204
0.00722507589082328;0.626503230745992
0.258432317670415;0.608255681882295
0.254538366072282;0.590499104399
0.123333212679552;0.472290162773788
0.246714114578692;0.715236212932341
0.179611227836046;0.587484337942173
0.28311608207336;0.623408890989155
0.216399247841745;0.703116042669718
0.211645562353406;0.65677447952588
0.264956555032704;0.48655062980677
0.264939461509098;0.561911564533765
0.384499304882037;0.465734292568618
0.147566283545413;0.564969948947636
0.325131861901139;0.604775682569269
0.212119243732582;0.477900438515691
0.202105183193211;0.709615916848954
0.226828439530007;0.550659380207239
0.297821937756976;0.710893532569886
0.23463009613607;0.525537300336017
-0.174200463493105;0.419085267827612
-0.402438300240811;0.37279439582304
-0.234877547992162;0.603603378672548
-0.385149706295483;0.530442076855673
-0.369993550029348;0.542132576650496
-0.0105281614786696;0.6078835792587
-0.359189505035177;0.646509346369538
-0.341419174142078;0.589768063129835
-0.153459573531718;0.632170091945681
-0.351386669565417;0.616189960655076
-0.391193385573698;0.442955470502102
-0.34487166663542;0.535197137684939
-0.260429298331193;0.596246324807834
-0.264298886746254;0.471078759897557
-0.392071391851208;0.494928725411798
-0.324509952480165;0.510505317713371
-0.46918460606485;0.582434193584629
-0.235700933585043;0.414768129512073
-0.237889170812562;0.514816758187674
-0.345753209504022;0.602762310124357
-0.194991848116181;0.42861837732837
-0.367839106894478;0.591073382147806
-0.173825020755348;0.673320047087513
-0.173347999262363;0.479720306188141
-0.366126712296247;0.679427188528337
-0.233581463406518;0.617895675025536
-0.397724499640887;0.594978139996534
-0.279902985867513;0.524787790202159
-0.36867565646531;0.460274714903523
-0.368282137817532;0.634817471233727
-0.250880863602402;0.507889964222612
-0.210184745634206;0.578910576314561
-0.346598207598015;0.509211001423302
-0.514617315997779;0.389711083621848
-0.37607514942315;0.62182597492118
-0.295497654079196;0.536918373760833
-0.451851215299037;0.542584252574101
-0.35916474889754;0.537365923661475
-0.482618150914047;0.614054182862247
-0.36653025128545;0.549061531865682
-0.59248102273237;-0.0329854420062012
-0.625835608541162;-0.010023110156453
-0.372487284081934;0.0795729460338926
-0.668313084633865;0.134644863200671
-0.651380285698012;-0.048563999080614
-0.666111683428396;-0.0234403473911212
-0.851529609529158;0.185360150117833
-0.726322749162308;0.0159862104246932
-0.587310241322312;0.0839527606030193
-0.509791326869356;0.1172845550469
-0.546576596193095;-0.0104741966482074
-0.658347357506072;0.116018924440292
-0.563948496506345;0.199154401908196
-0.637499583902822;-0.142118647895497
-0.735865879004463;0.0809546947153307
-0.675273672691592;0.270642604583751
-0.688656722879099;0.0796446602425437
-0.594248627447078;0.122067908605059
-0.681299079582503;0.102597757659944
-0.619356560953925;0.0675018950922629
-0.685172794020503;-0.00437923679898972
-0.579940612911463;0.0540665819474694
-0.763152422351969;0.0839926454916662
-0.572572752796159;0.0319763620567809
-0.577770648071249;0.0345761938421051
-0.534496310818847;0.19568285111838
-0.584722787605813;0.133326576681958
-0.713369762397188;0.19355787957617
-0.625431676597393;0.118610111225121
-0.819005286018147;0.00388018652651596
-0.595955127726824;0.00772757300832325
-0.611134468312334;0.0982507547972413
-0.466477301205821;0.103415248934059
-0.600253797177857;-0.135197355294386
-0.646214416220025;0.090029644542111
-0.469088135718977;0.157121332079402
-0.377275156617487;0.183953252344046
-0.538794587315315;0.0510254875345897
-0.527071668768804;-0.0767442668884199
-0.62499414703826;0.0991201160743254
-1.51946335129001;-1.37151447652855
-1.26478789883445;-1.40448851119057
-1.38040997617518;-1.48372119558258
-1.38132668847741;-1.26110306548647
-1.36700099098634;-1.40706397979268
-1.25701296313885;-1.31180499194832
-1.34710058014144;-1.30745347010809
-1.34317401331436;-1.43348902095446
-1.30855949473996;-1.28277501059183
-1.33929342217146;-1.35682964391444
-1.47661298666422;-1.25068684129875
-1.38431139391006;-1.46856150272535
-1.20802284184354;-1.5270711765891
-1.4740155126063;-1.24549012488736
-1.50517262675528;-1.3632886508186
-1.45236085750193;-1.2420301662573
-1.3955708478961;-1.47462247200444
-1.37864079964221;-1.64570428731816
-1.3258594843677;-1.39018206847313
-1.40384343519939;-1.28275339809059
-1.45882831292948;-1.37066201229789
-1.59782962156435;-1.48800296798701
-1.46230006019654;-1.34034360896985
-1.23534534053381;-1.36551539759391
-1.41855636406518;-1.33905420461188
-1.45668821263626;-1.25848731904115
-1.37785808484688;-1.27756198656587
-1.3323182947948;-1.55692749069749
-1.28338377657054;-1.5270540830654
-1.37304958219663;-1.47289514513274
-1.36959512493046;-1.42698639609325
-1.40251630720305;-1.40532348894296
-1.47485186569985;-1.37715500977219
-1.3319410837615;-1.31048867020245
-1.4155376680626;-1.28145141918645
-1.48612860968678;-1.30698882668374
-1.50041226103933;-1.34639848745313
-1.51732069679211;-1.27060061259883
-1.40814603419607;-1.4083539735825
-1.39299203918005;-1.38713507974173
0.0654141495282406;-1.9552715126234
0.110878885258271;-1.90374187806866
0.222639036797974;-1.98345924656799
0.278486202622952;-1.87822647602718
0.23348630679437;-2.06965035776779
0.307081601579485;-1.92327627708564
0.202700509360207;-1.91502353398779
0.174112183585855;-1.90115756798877
0.23821995159986;-1.93495459528885
0.23821582557692;-1.91676402483751
0.244309606562258;-2.05016291682168
0.193635186920167;-2.04711966115868
0.178022049843898;-1.95356461938923
0.317915118166081;-1.94883215344762
0.0627742363772237;-1.7733652186781
0.157664461711582;-1.94706336986901
0.344301256825833;-1.80114803829268
0.285403172723888;-1.82192390121034
0.216580621723547;-2.00597952988105
0.174528690075726;-1.82796227560177
0.0693153707858379;-1.96956498784009
0.20788268645267;-1.8483259545299
0.138177413720029;-1.95961910491795
0.296697010234428;-1.96745101902578
0.0714507556242727;-1.83660107121038
0.287582371996396;-1.88212651842109
0.171534357256216;-1.99297604845418
0.437876535755396;-1.90598159234471
0.29451643562094;-1.90118487833124
0.27549520991725;-2.05796594876877
0.142961946141774;-2.04927371133892
0.187562036049527;-2.00467362143123
0.339587652703192;-2.02419800010672
0.299739479988233;-2.01466056810571
0.194899835140557;-1.89423254231927
0.210035557769277;-1.79245540790827
0.15638095167204;-2.01679359521657
0.159365853581974;-1.81020137561823
0.422716253466321;-1.89948152168819
0.208753816025281;-1.86998159202068
1.66037189838043;-1.15308268158136
1.77079097203672;-1.04872850674997
1.71708685366421;-1.05477984864215
1.5074574691987;-1.03394307776646
1.66988634253929;-1.09158339035313
1.7565299155717;-1.18775319618149
1.67938428260639;-0.957321817319527
1.6278890315761;-1.15437464014402
1.67336339469299;-1.14528966997576
1.66037032656217;-1.14615294045704
1.77512972285345;-1.08251197711746
1.6014278385943;-0.971163616612611
1.60494477563642;-1.2007120772649
1.50748183238177;-1.14135406519345
1.58367342236111;-0.984585962256663
1.83319597283935;-1.21332400481706
1.73438094897346;-0.921386261544641
1.55943642194959;-1.05994139561971
1.71144828519346;-1.01883053945739
1.4727914735762;-0.957708066307568
1.6638057255319;-1.01622108028515
1.57374188228053;-1.11668189295027
1.6793888015839;-0.977244823051951
1.5897288902763;-0.949072414335504
1.54730996441388;-1.06253729785935
1.77818024817585;-1.16523644945954
1.71619882704528;-0.958629494064905
1.6612149317016;-1.0508691964749
1.66469218033258;-1.10544169373807
1.70799500679099;-1.06993659434012
1.73528056775208;-1.06864345691376
1.63481307485922;-1.12925590038663
1.62742753178846;-1.02920609284732
1.63221520784673;-1.13272018151694
1.61961526540912;-0.957308260386933
1.74829269417933;-1.15180329756487
1.64045891298943;-1.19725526227138
1.57589652189269;-1.0686073050935
1.70578771126703;-0.885864854532123
1.70494900044609;-1.00713512773046
1.80161309241847;0.54597109630227
1.88780990145945;0.510003514730098
2.00252843047591;0.753817747302031
1.79421536775617;0.699726397555066
1.93545167521188;0.510858926120021
1.86261787567555;0.826178651368499
1.86222416055049;0.652502112678834
1.91937507357514;0.73824469159157
2.02422277399141;0.582301742542977
1.84837587750697;0.603130850804588
1.91204572300727;0.590556253936384
1.89905265487645;0.589692983455102
1.89342921515648;0.558943534318273
1.71714537854475;0.596663984809059
1.82542022588488;0.607034036835043
1.96313959629848;0.647715026052279
1.7171414489991;0.613988337619863
1.89209187034144;0.726556942478723
1.87303940474978;0.707504476887086
1.69546262718893;0.717073148776243
1.83318710601188;0.735232479339435
1.76735751249007;0.722254147004914
1.80984736665159;0.523014462293758
1.87956599983947;0.575404813125078
1.74095663803411;0.639536354890489
1.85182581579563;0.668962605576505
1.73012567565219;0.653831401925451
1.88777787566235;0.651196990138148
1.83321166567224;0.626955274271912
1.65604353550995;0.74436794416968
1.9271916624547;0.647290071039295
1.92201361138518;0.562401921130062
2.09570979780313;0.476173872200876
1.81977478070923;0.673300963438713
1.82146811701103;0.84567788095164
2.01167450507919;0.529898424210913
1.86954683089074;0.829641950112386
1.90123578369462;0.512166013433547
1.90078391129384;0.594889896343775
1.77220943661983;0.335486889878662
0.618891412268451;2.02140792963482
0.699043952599373;1.9005523946307
0.641022106479394;1.83559923556821
0.582961947289262;1.93955851641106
0.655712243980383;1.99238128839216
0.665681311221985;1.95902964974259
0.589892277845431;1.93695829167117
0.726313205945989;1.9737415962219
0.730260599365053;1.75588697547827
0.495491255595593;1.86335120824921
0.636235609284821;1.93391601839458
0.697314268000253;1.8884257406177
0.614171717350043;1.82521071467753
0.634958582995613;1.8356006109092
0.571276752381055;1.90101448385036
0.6626569173782;1.92654717589283
0.660495990492997;1.90619155253335
0.676138402684408;1.68357008232341
0.583850956294611;1.83907707363112
0.825943952790736;1.90442159009103
0.502888980257888;1.70959590699641
0.586022296475805;1.81352316204197
0.527999664446694;1.75203487354164
0.67999207643956;1.87890127611744
0.52884348367699;1.85078348808594
0.876600689477372;1.97933792207664
0.533150405173902;1.95732727548596
0.672635219052095;1.85248330813788
0.43183948600531;1.79623378218771
0.65966179864956;1.76499827360258
0.444851808909848;1.71220772389606
0.547013424013637;1.9417322143197
0.727610469395329;1.98283658673164
0.655315581696079;1.83169801431059
0.678262588317723;1.86590840446391
0.729790258099685;1.92003531659927
0.596861707380885;1.76198075646378
0.673921479773596;1.91008648651788
0.568689691619121;1.84990823249033
0.646220394709049;1.83126696850181
-0.990033095428812;1.69217707396427
-1.0675345234036;1.58175190951231
-1.00781010654953;1.77836975698234
-0.998264226025413;1.70127422572414
-0.819809638664338;1.64059851656583
-0.956675169506211;1.65448904222534
-1.20572285974158;1.6991557379323
-1.16153318552793;1.64370778859624
-1.06065390159998;1.79830474782908
-1.12302726956008;1.82343920576919
-0.958806624798989;1.50420077278483
-1.13551954244669;1.52416385988318
-1.18447331544467;1.57917978102403
-1.1152063581803;1.71342779712504
-1.06322072520178;1.65797807949343
-1.0385271369347;1.62982040657328
-0.988742315729805;1.72985724661184
-1.13034895751392;1.64196828013294
-1.05064809310649;1.60297041039851
-1.06195312982215;1.79787193372474
-1.07487900272224;1.50076223017872
-1.14767193498374;1.63590868619484
-1.0575951242317;1.67919913458431
-1.02986613939299;1.63501574764368
-1.10174511003422;1.55967112053125
-0.959670091757571;1.49207392229455
-1.06016725272014;1.56226034254324
-1.0407269663219;1.78097587604075
-1.0510881768703;1.63372123487632
-0.953643702480245;1.65578768101565
-0.929881365834317;1.91434824359159
-0.914222056596581;1.61723205629519
-1.05499214880986;1.66014175706058
-1.13076153445813;1.55144863493513
-1.14034042316576;1.77406872980408
-1.13814098673312;1.62464569561769
-1.05930496462526;1.57958449887676
-0.993477532353557;1.60209122525722
-1.07184989342367;1.51245548065552
-1.01557403951729;1.63717804986984
-2.10413277718477;0.416924366294689
-1.94900692645615;0.0955224522204509
-2.07852738854753;0.187804004291934
-1.98627943409158;0.206406758732804
-1.83683380501767;0.104592293637848
-1.96762284487509;0.0613110796807193
-1.93037686167284;0.0673661546412895
-1.86023091574454;0.145309827629904
-1.91439319379089;0.249701333145243
-2.07597864085575;0.407822695557288
-1.8632614003841;0.139680100636886
-2.00184954264291;0.110260137223956
-2.01702102413711;0.166134613391267
-1.97975892979767;0.101159841827543
-2.0524976343291;-0.00276977094542443
-1.9983897804901;0.132781009968865
-1.93127412272407;0.204228738323921
-1.96891853650617;0.045286348046652
-1.96332967678798;0.228490101918554
-1.88888407902223;0.445027615007177
-1.87450120664186;0.0469973673037791
-2.0287292068874;0.228938044773764
-1.84728284091149;0.344536937794885
-1.78574759434049;0.195533553734812
-1.86892393908335;0.281307961967551
-1.99927446699523;0.214205664656926
-2.01576423500803;0.35367043785229
-1.97543982670922;0.153998135514074
-1.89661578971561;0.161776214846095
-1.81697819099326;0.401700425365598
-1.79961041670294;0.210262397260538
-2.10017163035591;0.138434510713244
-2.10235829576517;0.231553398264523
-1.90961062614197;0.168708903129675
-2.05036834028643;0.157046892541029
-2.03045771262283;0.211614084917528
-2.10322451340571;0.231553594741806
-1.81910787799049;0.243616197160225
-2.10841415663492;0.197772285624443
-1.81647091199871;0.0747031678230384
